%YAML:1.0
---
K: !!opencv-matrix
   rows: 3
   cols: 3
   dt: d
   data: [ 5.6791819092498383e+02, 0., 3.2744966738702163e+02, 0.,
       5.6768820358406435e+02, 2.3879578080930096e+02, 0., 0., 1. ]
D: !!opencv-matrix
   rows: 1
   cols: 5
   dt: d
   data: [ -9.5191224693265936e-02, 1.7744690687481868e-01,
       2.6654195023399058e-04, 2.1548099474373731e-03,
       2.0177264558963504e-02 ]
